x tri_fusion tri_rapide qsort tri_tas
0 0.000002 0.000002 0.000002 0.000002
512 0.000125 0.000099 0.000191 0.000391
1024 0.000278 0.000191 0.000212 0.000852
1536 0.000396 0.000328 0.000576 0.001219
2048 0.000582 0.000415 0.000436 0.001517
2560 0.000814 0.000641 0.000616 0.001831
3072 0.000564 0.000626 0.000456 0.002036
3584 0.000802 0.000723 0.001028 0.002294
4096 0.000678 0.000629 0.000611 0.002067
4608 0.000701 0.000740 0.000578 0.001387
5120 0.000787 0.000746 0.000434 0.001401
5632 0.000635 0.000800 0.000478 0.001676
6144 0.000648 0.000912 0.000975 0.002879
6656 0.000803 0.000985 0.000643 0.002627
7168 0.000896 0.001090 0.000862 0.002194
7680 0.000864 0.001470 0.000720 0.003429
8192 0.000974 0.001335 0.000696 0.002679
8704 0.000949 0.001478 0.000752 0.002636
9216 0.001041 0.001760 0.000816 0.002705
9728 0.001106 0.001798 0.000937 0.003088
10240 0.001110 0.002258 0.000881 0.003560
10752 0.001235 0.002545 0.002315 0.004238
11264 0.001496 0.002424 0.000987 0.003631
11776 0.001306 0.002529 0.001092 0.003764
12288 0.001357 0.002694 0.001063 0.004555
12800 0.001578 0.002873 0.001417 0.003858
13312 0.001595 0.002998 0.001372 0.004405
13824 0.001528 0.003184 0.001194 0.004340
14336 0.001637 0.003670 0.001239 0.004474
14848 0.001904 0.003556 0.001357 0.005388
15360 0.001717 0.003838 0.001369 0.006130
15872 0.001795 0.004021 0.001383 0.005243
16384 0.001816 0.004371 0.001854 0.005395
16896 0.002459 0.004879 0.001968 0.005422
17408 0.001996 0.004834 0.001565 0.005463
17920 0.002027 0.005038 0.001573 0.005791
18432 0.002272 0.005497 0.001880 0.008350
18944 0.002973 0.005730 0.001678 0.007002
19456 0.002250 0.005788 0.001805 0.007743
19968 0.002331 0.006089 0.001872 0.007893
20480 0.002347 0.006372 0.002137 0.007217
20992 0.002452 0.006738 0.003851 0.006962
21504 0.002428 0.006931 0.001900 0.007160
22016 0.002684 0.007122 0.001971 0.007693
22528 0.002550 0.007514 0.002588 0.008872
23040 0.002886 0.008297 0.002831 0.008373
23552 0.003060 0.009129 0.003364 0.008758
24064 0.003068 0.008982 0.002145 0.008800
24576 0.003125 0.009369 0.002712 0.008539
25088 0.002910 0.009449 0.002646 0.010195
25600 0.002932 0.009674 0.002340 0.008467
26112 0.003656 0.009868 0.002346 0.010500
26624 0.003233 0.010099 0.002403 0.008889
27136 0.003167 0.010445 0.003852 0.009013
27648 0.003169 0.010797 0.002913 0.010982
28160 0.003338 0.011522 0.002837 0.010360
28672 0.003256 0.011910 0.002782 0.009903
29184 0.003387 0.012454 0.002596 0.012203
29696 0.003731 0.012435 0.002645 0.010446
30208 0.003799 0.012762 0.003515 0.010306
30720 0.003865 0.013412 0.002723 0.012502
31232 0.004183 0.013640 0.003174 0.010843
31744 0.003678 0.014031 0.002839 0.012131
32256 0.004189 0.014306 0.003311 0.012290
32768 0.004571 0.014859 0.003163 0.011650
