x tri_fusion tri_rapide qsort tri_tas
0 0.000003 0.000002 0.000002 0.000001
512 0.000146 0.000105 0.000128 0.000350
1024 0.000321 0.000223 0.000257 0.000740
1536 0.000481 0.000357 0.000390 0.001332
2048 0.000647 0.000541 0.000466 0.001629
2560 0.000930 0.000762 0.000561 0.002120
3072 0.001085 0.001008 0.000952 0.002499
3584 0.001030 0.000980 0.000686 0.002539
4096 0.000845 0.000787 0.000524 0.002180
4608 0.000757 0.000826 0.000551 0.001936
5120 0.000849 0.000864 0.000706 0.001968
5632 0.000884 0.001174 0.000615 0.002134
6144 0.000960 0.001080 0.000699 0.002417
6656 0.001032 0.001250 0.000724 0.002858
7168 0.001149 0.001427 0.000764 0.003002
7680 0.001298 0.001588 0.000849 0.003194
8192 0.001412 0.001718 0.000882 0.003461
8704 0.001405 0.002003 0.001007 0.003706
9216 0.001489 0.002096 0.001405 0.003932
9728 0.001598 0.002271 0.001556 0.004337
10240 0.001588 0.002443 0.001155 0.004481
10752 0.001775 0.002753 0.001217 0.003722
11264 0.001453 0.002602 0.001358 0.005179
11776 0.001899 0.003107 0.001380 0.005403
12288 0.002062 0.002998 0.001612 0.004023
12800 0.001407 0.003033 0.001101 0.004278
13312 0.001522 0.003199 0.001168 0.004030
13824 0.001785 0.003482 0.001307 0.004313
14336 0.001584 0.003494 0.001406 0.004758
14848 0.001688 0.003589 0.001507 0.004559
15360 0.002326 0.004197 0.001377 0.005115
15872 0.001823 0.004097 0.001413 0.005330
16384 0.001892 0.004485 0.001488 0.005199
16896 0.002328 0.004700 0.001849 0.005400
17408 0.002035 0.005684 0.001889 0.006743
17920 0.002079 0.005205 0.001817 0.005993
18432 0.002570 0.006436 0.001663 0.006004
18944 0.002336 0.005513 0.001903 0.006017
19456 0.002242 0.005802 0.001712 0.006190
19968 0.002285 0.006074 0.001764 0.006774
20480 0.002299 0.006382 0.001917 0.006573
20992 0.002573 0.006629 0.001842 0.006839
21504 0.002615 0.006846 0.001903 0.007680
22016 0.002555 0.007435 0.002201 0.008581
22528 0.002580 0.008085 0.002147 0.007669
23040 0.002953 0.007889 0.002735 0.007988
23552 0.002883 0.008030 0.002555 0.010700
24064 0.004188 0.010392 0.003173 0.011533
24576 0.003536 0.009164 0.002184 0.008842
25088 0.003094 0.009377 0.002237 0.008585
25600 0.003086 0.009336 0.002274 0.008363
26112 0.003018 0.010051 0.002333 0.008685
26624 0.003521 0.010036 0.003035 0.010657
27136 0.003108 0.010583 0.002779 0.009583
27648 0.003188 0.011047 0.002683 0.009546
28160 0.003224 0.011036 0.003350 0.009227
28672 0.003667 0.011420 0.002567 0.009843
29184 0.003490 0.012183 0.002698 0.010458
29696 0.003436 0.012315 0.002989 0.010070
30208 0.003454 0.013127 0.002694 0.010499
30720 0.003568 0.013556 0.003819 0.010347
31232 0.003996 0.013679 0.002838 0.010810
31744 0.003710 0.014118 0.002840 0.011239
32256 0.004240 0.014396 0.003253 0.011666
32768 0.004130 0.014658 0.003012 0.012247
