x tri_fusion tri_rapide qsort tri_tas
0 0.000001 0.000001 0.000002 0.000001
512 0.000076 0.000061 0.000060 0.000155
1024 0.000142 0.000125 0.000105 0.000333
1536 0.000223 0.000186 0.000155 0.000540
2048 0.000297 0.000262 0.000208 0.000702
2560 0.000392 0.000343 0.000499 0.001030
3072 0.000475 0.000446 0.000352 0.001172
3584 0.000541 0.000556 0.000433 0.001399
4096 0.000613 0.000666 0.000441 0.001645
4608 0.000757 0.000738 0.000497 0.001855
5120 0.000800 0.000824 0.000590 0.002003
5632 0.000872 0.000981 0.000636 0.002301
6144 0.000944 0.001027 0.000696 0.002119
6656 0.000774 0.001014 0.000612 0.002637
7168 0.001152 0.001450 0.000825 0.003112
7680 0.001256 0.001570 0.000902 0.003278
8192 0.001350 0.001815 0.001000 0.003476
8704 0.001462 0.001896 0.001041 0.003260
9216 0.001459 0.001674 0.000811 0.002703
9728 0.001073 0.002073 0.000836 0.002937
10240 0.001116 0.001951 0.001161 0.003171
10752 0.001200 0.002114 0.000935 0.003739
11264 0.001245 0.002311 0.001142 0.003807
11776 0.001337 0.002439 0.001019 0.003935
12288 0.001565 0.002585 0.001113 0.004147
12800 0.001429 0.002791 0.001466 0.004028
13312 0.001498 0.002973 0.001178 0.004240
13824 0.001675 0.003272 0.001216 0.004426
14336 0.001572 0.003470 0.001323 0.004710
14848 0.001677 0.004006 0.001294 0.004932
15360 0.002363 0.004017 0.001404 0.005229
15872 0.001844 0.004419 0.001867 0.004974
16384 0.002281 0.004580 0.001422 0.005417
16896 0.001934 0.004832 0.001500 0.005291
17408 0.002066 0.004747 0.002133 0.007314
17920 0.002565 0.005127 0.001911 0.006191
18432 0.002090 0.005456 0.001658 0.005840
18944 0.002168 0.005586 0.001791 0.006200
19456 0.002192 0.005879 0.001847 0.006181
19968 0.002377 0.006267 0.003200 0.008333
20480 0.002563 0.006245 0.002235 0.008882
20992 0.002358 0.007406 0.002113 0.007500
21504 0.002443 0.007042 0.002020 0.007042
22016 0.002486 0.007936 0.001950 0.007215
22528 0.003306 0.007467 0.002346 0.008169
23040 0.003082 0.008084 0.002656 0.007969
23552 0.002690 0.008244 0.002096 0.008493
24064 0.003180 0.008260 0.002322 0.008573
24576 0.002780 0.008804 0.002280 0.009627
25088 0.002858 0.008993 0.002232 0.008602
25600 0.002927 0.009434 0.002281 0.008436
26112 0.003228 0.009619 0.002448 0.008629
26624 0.003191 0.010000 0.002873 0.008719
27136 0.003156 0.010926 0.002468 0.009136
27648 0.003731 0.010776 0.002736 0.011111
28160 0.003245 0.011320 0.002608 0.011803
28672 0.003275 0.011697 0.002690 0.010514
29184 0.003339 0.012084 0.002592 0.010117
29696 0.003442 0.012248 0.002642 0.009859
30208 0.004085 0.012708 0.002816 0.010235
30720 0.003874 0.012967 0.002885 0.010223
31232 0.003642 0.013417 0.004751 0.010279
31744 0.003984 0.013725 0.004580 0.011094
32256 0.004289 0.014378 0.002869 0.013957
32768 0.003755 0.014638 0.002910 0.011023
